Transaction history for Tsele:
2023-10-30 23:27:46.530830: Deposit of R32.0
2023-10-30 23:28:20.528107: Deposit of R4000.0
Tshepo : 2023-10-31 06:02:21.161967: Deposit of R432222.0
Tshepo : 2023-10-31 06:02:26.488075: Withdrawal of R4533.0
Posh: 2023-10-31 06:04:00.078937: Deposit of R500000.0
Posh: 2023-10-31 06:04:04.813221: Withdrawal of R33222.0
Posh: 2023-10-31 06:04:08.704416: Withdrawal of R50.0
Posh: 2023-10-31 06:04:11.244985: Withdrawal of R3000.0
Babalwa: 2023-10-31 06:08:14.005516: Deposit of R4000.0
Babalwa: 2023-10-31 06:08:30.696821: Withdrawal of R200.0
Lwando: 2023-10-31 06:10:30.054903: Deposit of R50000.0
Lwando: 2023-10-31 06:11:11.960045: Withdrawal of R123.0
Brandon : 2023-10-31 06:22:21.891765: Deposit of R34556.0
Brandon : 2023-10-31 06:22:35.232076: Withdrawal of R322.0
Tsele: 
2023-10-31 23:49:58.001004: Deposit of R5000.0
Tsele: 
2023-10-31 23:50:06.791079: Deposit of R4000.0
